sample	records	primary_kept	kept_frac	primary_kept_read2	primary_disc_mapq	primary_disc_sclip	unmapped	secondary	supplementary
bb_f_10	667661	554524	0.831	276137	44685	30544	27677	0	10231
bb_f_110	16600261	12926148	0.779	6441357	1170120	1438136	402566	0	663291
bb_f_119	21310261	17365560	0.815	8564316	1423739	1441846	578835	0	500281
bb_f_121	20857910	17243472	0.827	8570560	1427485	1152066	477017	0	557870
bb_f_129	16484182	12915915	0.784	6435508	1108447	1411126	403782	0	644912
bb_f_131	20960965	16474048	0.786	8213749	1457081	1737463	494284	0	798089
bb_f_157	29116172	24576336	0.844	12206963	1757713	1447890	765513	0	568720
bb_f_161	9099294	7197014	0.791	3546569	610814	723905	243927	0	323634
bb_f_165	18712083	14556845	0.778	7251085	1296913	1613327	466911	0	778087
bb_f_168	17456625	14791805	0.847	7352373	1101461	832007	407007	0	324345
bb_f_170	20522096	17035218	0.83	8474986	1434783	1083498	490337	0	478260
bb_f_174	18163965	14757599	0.812	7272568	1216379	1253617	505253	0	431117
bb_f_181	17804611	14758999	0.829	7272220	1078090	1142290	486249	0	338983
bb_f_183	142806	109845	0.769	53867	8674	8839	12750	0	2698
bb_f_186	18650982	15689554	0.841	7804201	1210732	923749	477503	0	349444
bb_f_189	15074757	11968577	0.794	5887894	1087630	1137331	441128	0	440091
bb_f_19	21490397	17651846	0.821	8777369	1490789	1248531	522574	0	576657
bb_f_191	6031412	4982178	0.826	2455670	372950	390119	175973	0	110192
bb_f_193	6794327	5683953	0.837	2825551	459451	341091	167179	0	142653
bb_f_20	20741289	17279760	0.833	8572729	1360357	1107609	480522	0	513041
bb_f_213	19470882	15526017	0.797	7720385	1337167	1521107	498513	0	588078
bb_f_218	11489836	9031529	0.786	4486705	820926	942176	295867	0	399338
bb_f_221	15357304	12521204	0.815	6168088	1063571	1016944	416271	0	339314
bb_f_231	6312855	5271050	0.835	2616540	395157	335278	165401	0	145969
bb_f_236	14550349	12100103	0.832	6012345	922121	805426	338866	0	383833
bb_f_237	14329089	11090598	0.774	5535347	1036453	1247203	351932	0	602903
bb_f_239	9587506	7473079	0.779	3730986	673591	820680	235634	0	384522
bb_f_24	17335594	14350549	0.828	7131372	1184100	952800	391649	0	456496
bb_f_282	7147133	5543828	0.776	2777305	506078	628359	181707	0	287161
bb_f_288	16852981	14188543	0.842	7056943	1044383	852794	449950	0	317311
bb_f_316	20685487	16439042	0.795	8170689	1455093	1632318	529347	0	629687
bb_f_320	13683728	10770768	0.787	5346522	957023	1129542	346441	0	479954
bb_f_4	20726506	16794686	0.81	8282178	1406493	1435598	606363	0	483366
bb_f_41	14006318	11053941	0.789	5512705	932571	1156390	367998	0	495418
bb_f_43	20657363	17530062	0.849	8718365	1211441	1007683	522270	0	385907
bb_f_46	17232960	13913010	0.807	6850233	1139284	1253008	479032	0	448626
bb_f_5	25360554	20573136	0.811	10132680	1680112	1749393	763187	0	594726
bb_f_56	20199537	16931319	0.838	8418536	1330228	1017057	540534	0	380399
bb_f_66	19471575	15854343	0.814	7806827	1268351	1335660	542910	0	470311
bb_f_82	17480438	14578401	0.834	7248128	1155065	914476	426572	0	405924
bb_f_99	22416801	18082946	0.807	8896969	1465048	1648637	609163	0	611007
bb_s_1	20062658	16410556	0.818	7816651	1222984	1336640	754072	0	338406
bb_s_104	12399954	9960616	0.803	4904452	826467	923658	363489	0	325724
bb_s_108	15787396	12800407	0.811	6300806	1071996	1064238	471367	0	379388
bb_s_114	19957763	16760157	0.84	8338624	1187690	1006335	627820	0	375761
bb_s_116	19362563	15899717	0.821	7833219	1190270	1288576	572857	0	411143
bb_s_126	24567135	19927789	0.811	9490209	1632236	1652019	929508	0	425583
bb_s_13	12570027	10006922	0.796	4928961	846804	965385	342213	0	408703
bb_s_133	14835857	11879659	0.801	5837957	961681	1121732	428910	0	443875
bb_s_135	17220398	13263073	0.77	6625773	1299846	1512796	427937	0	716746
bb_s_141	45240265	37417012	0.827	18516609	2865574	2877444	1279560	0	800675
bb_s_143	19651997	16114232	0.82	7935044	1322698	1272090	565818	0	377159
bb_s_151	17325552	13515467	0.78	6739914	1230480	1473476	434717	0	671412
bb_s_153	19164617	15943685	0.832	7911146	1257830	1017782	473401	0	471919
bb_s_159	8209287	6525826	0.795	3215684	554660	630194	231568	0	267039
bb_s_167	23654800	19363192	0.819	9237272	1488469	1530044	898149	0	374946
bb_s_170	18772442	15170472	0.808	7467645	1206736	1372923	533809	0	488502
bb_s_172	11913588	9429076	0.791	4685465	810859	958690	317293	0	397670
bb_s_175	12215743	9865415	0.808	4859712	761113	895479	349947	0	343789
bb_s_18	12681113	10473332	0.826	5164800	766532	822831	369551	0	248867
bb_s_185	21930643	18580852	0.847	9239181	1352105	1056525	550182	0	390979
bb_s_193	17661544	14399001	0.815	7092242	1144770	1215879	484560	0	417334
bb_s_20	16850124	13731364	0.815	6781135	1089254	1149018	500692	0	379796
bb_s_204	20519100	16837772	0.821	8298443	1283147	1378169	554242	0	465770
bb_s_205	17684981	14473455	0.818	7126403	1164131	1183942	474244	0	389209
bb_s_206	173552	133016	0.766	65476	10887	11055	15058	0	3536
bb_s_207	18233791	14930968	0.819	7119718	1082415	1218247	675060	0	327101
bb_s_209	17496800	14368180	0.821	7081787	1124622	1158766	465364	0	379868
bb_s_210	16424563	13098990	0.798	6513280	1095476	1305395	407663	0	517039
bb_s_216	18291196	14435649	0.789	7200444	1195962	1512030	449095	0	698460
bb_s_220	20801538	17433528	0.838	8668121	1312582	1094560	471342	0	489526
bb_s_225	18839455	15152033	0.804	7462309	1276864	1380135	515020	0	515403
bb_s_237	16272705	13256692	0.815	6531328	1076186	1111274	429218	0	399335
bb_s_241	23000011	18853512	0.82	8971678	1359442	1557328	850166	0	379563
bb_s_246	41064092	33639191	0.819	16621992	2685145	2742933	1128823	0	868000
bb_s_250	8764276	6948406	0.793	3420246	567542	702066	231380	0	314882
bb_s_256	6351586	4956218	0.78	2438407	429621	534142	168311	0	263294
bb_s_262	9255425	7257559	0.784	3626230	645708	781275	223790	0	347093
bb_s_273	8720640	7121317	0.817	3395241	544739	584866	322922	0	146796
bb_s_277	15853910	12246872	0.772	6117135	1191226	1376882	365034	0	673896
bb_s_283	125960	92764	0.736	45019	8434	9691	12241	0	2830
bb_s_284	135950	96090	0.707	47151	9854	13738	10800	0	5468
bb_s_287	11099831	9083471	0.818	4322231	687008	737808	414001	0	177543
bb_s_292	6904860	5337287	0.773	2671787	511467	599345	162659	0	294102
bb_s_300	18461330	14544658	0.788	7241203	1215247	1535035	445072	0	721318
bb_s_311	18819326	15420678	0.819	7589775	1196540	1250526	521336	0	430246
bb_s_314	17332434	14346932	0.828	7125593	1180149	936016	410069	0	459268
bb_s_321	101316	70542	0.696	33975	6886	10242	11522	0	2124
bb_s_45	23947070	19636001	0.82	9669258	1551690	1574946	677229	0	507204
bb_s_68	13996314	11395272	0.814	5427883	850173	962742	573557	0	214570
bb_s_75	37658128	29700787	0.789	14813053	2614386	3075431	884912	0	1382612
bb_s_77	19321437	15847376	0.82	7824935	1199340	1319445	527743	0	427533
bb_s_81	23510614	19077965	0.811	9064101	1532669	1599770	923410	0	376800
bb_s_86	26324602	21566615	0.819	10715713	1815171	1535235	665655	0	741926
bb_s_89	15405232	12468589	0.809	5949431	1013458	1034956	618363	0	269866
cl_f_119	15466468	12814611	0.829	6358334	1042210	829149	382372	0	398126
cl_f_12	16864967	13873234	0.823	6893985	1156302	960837	417321	0	457273
cl_f_121	20142661	17104630	0.849	8507024	1169441	987154	521285	0	360151
cl_f_126	20925586	17735115	0.848	8823997	1244881	1012247	566313	0	367030
cl_f_139	22915617	18643881	0.814	8894811	1436797	1576853	854613	0	403473
cl_f_141	18013561	14079479	0.782	7024427	1283315	1516863	424893	0	709011
cl_f_142	17477309	14433492	0.826	7176555	1218700	964222	405772	0	455123
cl_f_146	17494982	14014988	0.801	6895763	1212734	1297529	495963	0	473768
cl_f_148	14943141	12604862	0.844	6270318	999426	716737	344765	0	277351
cl_f_154	22382877	18174644	0.812	8631349	1411604	1529580	888768	0	378281
cl_f_155	15487759	12236564	0.79	6089656	1101238	1251899	391311	0	506747
cl_f_159	17054026	14061283	0.825	6925374	1033724	1129948	464427	0	364644
cl_f_175	16705793	13118406	0.785	6534877	1141878	1383986	419018	0	642505
cl_f_177	20267123	17175296	0.847	8541814	1164602	1001556	567688	0	357981
cl_f_187	18385865	14393521	0.783	7175600	1316172	1533776	438975	0	703421
cl_f_192	14985425	12352009	0.824	6132298	1045899	836554	367962	0	383001
cl_f_197	17189557	13956969	0.812	6876000	1106951	1209030	489058	0	427549
cl_f_20	15770940	12589704	0.798	6200576	1122741	1169873	499192	0	389430
cl_f_21	22240086	17489080	0.786	8719492	1492017	1861248	577145	0	820596
cl_f_214	7412534	6010053	0.811	2964054	501739	515304	218314	0	167124
cl_f_226	22175978	18228459	0.822	8692277	1294689	1474279	815081	0	363470
cl_f_234	13944855	11425350	0.819	5625077	876778	951286	383222	0	308219
cl_f_236	8151904	6796734	0.834	3383237	537991	431174	201461	0	184544
cl_f_25	17108561	13315892	0.778	6649049	1191115	1473008	446445	0	682101
cl_f_260	127292	98090	0.771	47780	7344	8483	11527	0	1848
cl_f_265	12299231	10165339	0.827	5052163	834725	689395	278711	0	331061
cl_f_269	8722837	6932459	0.795	3448108	585732	701050	222911	0	280685
cl_f_270	7160620	5580285	0.779	2746615	479705	608227	188783	0	303620
cl_f_272	16026279	12827820	0.8	6307380	1059745	1229632	443325	0	465757
cl_f_276	9144619	7437958	0.813	3676128	565388	655927	255705	0	229641
cl_f_286	23069949	18813863	0.816	9298789	1529032	1570297	637992	0	518765
cl_f_288	13933923	11307912	0.812	5578421	907048	989327	376529	0	353107
cl_f_296	13194970	11006660	0.834	5461901	863100	696433	316487	0	312290
cl_f_312	16514466	13297878	0.805	6548735	1112466	1201289	458161	0	444672
cl_f_314	5646135	4635969	0.821	2284880	366146	369764	155653	0	118603
cl_f_34	19016335	15384476	0.809	7590538	1206127	1375030	557763	0	492939
cl_f_343	7646085	6379459	0.834	3166599	498401	402219	183945	0	182061
cl_f_348	20064142	17009694	0.848	8456965	1184285	984275	525590	0	360298
cl_f_38	17724318	14522304	0.819	7149399	1128947	1197575	493900	0	381592
cl_f_41	25257091	21186507	0.839	10537459	1642788	1273538	666315	0	487943
cl_f_46	19530833	15948090	0.817	7586598	1166587	1338936	743965	0	333255
cl_f_52	16377907	13124820	0.801	6519967	1061850	1268159	415609	0	507469
cl_f_53	14743979	12186784	0.827	6060136	1011015	822682	341721	0	381777
cl_f_55	22228354	18153909	0.817	8623786	1326531	1495087	907997	0	344830
cl_f_56	17331238	14009681	0.808	6901451	1190713	1209001	503583	0	418260
cl_f_68	19928513	16827827	0.844	8368989	1188882	981471	570516	0	359817
cl_f_76	16327039	13373375	0.819	6589977	1117999	1064607	458721	0	312337
cl_f_79	14830892	11628726	0.784	5790283	1013575	1232033	370070	0	586488
cl_f_85	19468001	15866538	0.815	7818658	1301162	1317917	535987	0	446397
cl_f_88	15064016	12389271	0.822	5898433	846034	1017341	582718	0	228652
cl_s_104	17607935	14893079	0.846	7407837	1054437	877964	458130	0	324325
cl_s_110	237087	181226	0.764	90839	14327	19389	16140	0	6005
cl_s_113	13624563	11052969	0.811	5446805	893914	941395	392336	0	343949
cl_s_115	20291181	16944357	0.835	8428961	1301662	1092778	468603	0	483781
cl_s_117	22719345	18538873	0.816	9133233	1407077	1593291	611003	0	569101
cl_s_119	17364516	14039003	0.808	6919122	1216597	1213165	479525	0	416226
cl_s_129	18642195	15407152	0.826	7650100	1226777	1044311	445784	0	518171
cl_s_142	18716592	15461082	0.826	7673599	1261150	1053811	437827	0	502722
cl_s_147	16611739	13379585	0.805	6649870	1036988	1295762	416321	0	483083
cl_s_148	17484314	13852591	0.792	6890427	1186635	1427173	435881	0	582034
cl_s_154	14687085	11991742	0.816	5906390	961423	997275	398856	0	337789
cl_s_17	17756590	13936380	0.785	6946778	1217076	1492064	443634	0	667436
cl_s_179	13690597	10771893	0.787	5370699	936342	1139739	319058	0	523565
cl_s_188	14273445	11606406	0.813	5722792	998770	953598	403370	0	311301
cl_s_189	12404229	9890755	0.797	4870557	821240	952792	364445	0	374997
cl_s_19	16827710	13350912	0.793	6629067	1106061	1375166	435981	0	559590
cl_s_190	11591988	9006356	0.777	4493017	844530	995710	274008	0	471384
cl_s_199	19121753	15584105	0.815	7433142	1190820	1300696	709755	0	336377
cl_s_20	23149276	18800078	0.812	8958647	1495031	1578494	893509	0	382164
cl_s_215	15114223	11874497	0.786	5928725	1033810	1263733	352894	0	589289
cl_s_23	15592409	12136581	0.778	6058337	1113633	1337413	377655	0	627127
cl_s_234	14472140	11207078	0.774	5594053	1013164	1289851	349521	0	612526
cl_s_236	20182622	16450367	0.815	7850181	1301805	1347790	732744	0	349916
cl_s_249	20379946	16842177	0.826	8361783	1321392	1149334	490579	0	576464
cl_s_257	22377405	18875501	0.844	9387306	1372822	1128523	571970	0	428589
cl_s_26	18501144	15146285	0.819	7464073	1185929	1235029	523197	0	410704
cl_s_27	10688943	8419481	0.788	4149378	774880	836215	297628	0	360739
cl_s_284	18845674	15441764	0.819	7352690	1121466	1270353	696037	0	316054
cl_s_30	16837958	13895576	0.825	6842790	1031226	1102497	463935	0	344724
cl_s_308	15906902	12485105	0.785	6226465	1103810	1340893	378680	0	598414
cl_s_310	15979842	12849421	0.804	6330303	1131049	1139291	437625	0	422456
cl_s_32	23418473	19105339	0.816	9095364	1397759	1617864	915732	0	381779
cl_s_34	16822172	13231516	0.787	6595800	1141320	1410798	412710	0	625828
cl_s_35	17803016	14744767	0.828	7317737	1259618	950543	426086	0	422002
cl_s_37	18642178	14578710	0.782	7277692	1287444	1572235	480131	0	723658
cl_s_40	16912752	13505794	0.799	6644115	1160202	1280595	478519	0	487642
cl_s_43	19355130	15022823	0.776	7482951	1436627	1648799	479383	0	767498
cl_s_47	23440454	19511200	0.832	9699949	1551205	1259866	553949	0	564234
cl_s_57	21205118	17815767	0.84	8858667	1340054	1075325	569342	0	404630
cl_s_58	18597188	15359494	0.826	7628214	1329168	1007883	445707	0	454936
cl_s_71	16965878	13216334	0.779	6592095	1246460	1436168	408142	0	658774
cl_s_77	21281941	17547141	0.825	8644309	1287962	1413937	581774	0	451127
cl_s_8	14328410	11875207	0.829	5892872	932257	778861	380683	0	361402
cl_s_9	16520267	13751674	0.832	6822113	1017445	918486	397987	0	434675
cl_s_96	14118316	11471321	0.813	5653757	960554	978705	384902	0	322834
lb_f_100	19968910	16681037	0.835	8284476	1267112	1066529	475092	0	479140
lb_f_109	27604919	22906944	0.83	11356995	1709585	1572412	641165	0	774813
lb_f_114	15845935	12724223	0.803	6264296	1032497	1202292	440632	0	446291
lb_f_119	22862219	18314419	0.801	9025093	1573353	1709838	623432	0	641177
lb_f_134	139711	109524	0.784	55850	9785	13128	3687	0	3587
lb_f_137	13126159	10177640	0.775	5072997	918249	1152831	323106	0	554333
lb_f_142	10685294	8824523	0.826	4358233	681303	682931	297119	0	199418
lb_f_143	4418501	3690751	0.835	1822852	243898	293663	111680	0	78509
lb_f_146	16491884	13716232	0.832	6808281	1048874	916656	377510	0	432612
lb_f_150	16759484	13845918	0.826	6880107	1081400	976243	379035	0	476888
lb_f_151	19059304	15115697	0.793	7534736	1177914	1595785	449848	0	720060
lb_f_172	17072398	13709478	0.803	6749441	1065290	1326924	464962	0	505744
lb_f_178	17936823	15172409	0.846	7550310	1045928	910553	471816	0	336117
lb_f_179	18570724	15289828	0.823	7295325	1047785	1248490	676187	0	308434
lb_f_185	20513757	17225754	0.84	8556011	1271953	1074010	486991	0	455049
lb_f_191	13914691	11387029	0.818	5611537	837204	972634	374735	0	343089
lb_f_197	12264023	9878003	0.805	4879314	814027	904627	340707	0	326659
lb_f_202	41665073	34429271	0.826	17027856	2409873	2824921	1173041	0	827967
lb_f_206	17309393	14134803	0.817	6971115	1099547	1194997	473583	0	406463
lb_f_214	13768538	10711187	0.778	5341781	948196	1185974	367953	0	555228
lb_f_220	16581763	13644106	0.823	6728847	993360	1127293	454309	0	362695
lb_f_226	18008110	14700809	0.816	7245171	1138595	1256038	504080	0	408588
lb_f_230	17808073	14657094	0.823	7223522	1136338	1171802	478700	0	364139
lb_f_232	6619983	5311053	0.802	2643807	396559	531769	167757	0	212845
lb_f_237	4621969	3583336	0.775	1761893	316183	398284	120449	0	203717
lb_f_239	13427231	10818032	0.806	5325360	841820	1020333	364407	0	382639
lb_f_251	14052232	11723452	0.834	5827769	835527	797549	316208	0	379496
lb_f_253	11125172	9024079	0.811	4451628	658305	828024	294526	0	320238
lb_f_255	12369696	9869943	0.798	4904169	770907	1007322	300496	0	421028
lb_f_256	6945745	5793931	0.834	2881998	433846	380763	165860	0	171345
lb_f_275	15121338	11797057	0.78	5891484	1016141	1323800	352522	0	631818
lb_f_284	19397025	16097540	0.83	8005923	1288499	1076948	443701	0	490337
lb_f_305	14014108	11454062	0.817	5642230	865570	952511	422599	0	319366
lb_f_49	12965236	10674528	0.823	5310859	908180	718359	337513	0	326656
lb_f_57	22315285	18593016	0.833	9242386	1375977	1244942	543249	0	558101
lb_f_81	9488027	7498477	0.79	3744766	610489	796827	235933	0	346301
lb_f_91	15292384	12051652	0.788	6013048	991538	1293921	366305	0	588968
lb_f_96	10229429	8190292	0.801	4039705	645433	790209	279718	0	323777
lb_s_110	20716794	16846348	0.813	8030744	1295514	1437209	786421	0	351302
lb_s_125	16747128	13050864	0.779	6508989	1155084	1467258	403520	0	670402
lb_s_129	18094260	14262375	0.788	7108654	1164455	1531436	438092	0	697902
lb_s_13	13206974	10778634	0.816	5306054	851160	898209	388141	0	290830
lb_s_135	14641364	11816715	0.807	5836619	934018	1084770	412897	0	392964
lb_s_138	13667983	10971698	0.803	5399445	844751	1048034	382827	0	420673
lb_s_148	16450333	12882747	0.783	6428503	1041680	1453013	392294	0	680599
lb_s_151	15739318	12420920	0.789	6173522	1077211	1313622	398901	0	528664
lb_s_159	15766488	12905423	0.819	6360759	1004616	1077757	423710	0	354982
lb_s_170	14838497	11951345	0.805	5891495	958404	1107650	423487	0	397611
lb_s_171	13763862	10828704	0.787	5414211	886729	1183428	311391	0	553610
lb_s_176	15786388	13103190	0.83	6506385	989652	897170	372406	0	423970
lb_s_184	7571579	6161618	0.814	3044923	464782	542389	220947	0	181843
lb_s_19	20885118	17475768	0.837	8682798	1327940	1079457	541359	0	460594
lb_s_204	26505834	21757116	0.821	10366467	1478553	1820418	976801	0	472946
lb_s_207	16171076	13125839	0.812	6473567	970849	1189154	438904	0	446330
lb_s_21	18728943	15533866	0.829	7728469	1222283	1024293	486414	0	462087
lb_s_211	19827496	16044178	0.809	7885560	1163235	1496491	551510	0	572082
lb_s_226	17299736	13803852	0.798	6791596	1134197	1347880	468711	0	545096
lb_s_231	21767223	18508233	0.85	9204224	1198449	1094526	564856	0	401159
lb_s_239	119669	83832	0.701	40074	7604	14971	10107	0	3155
lb_s_242	20690263	16277532	0.787	8119504	1390901	1724917	499954	0	796959
lb_s_245	9484251	7593673	0.801	3780666	600558	761408	237745	0	290867
lb_s_248	15145962	12634736	0.834	6232883	887276	957064	411638	0	255248
lb_s_257	19228527	15946268	0.829	7917342	1256139	1073890	442743	0	509487
lb_s_269	10281775	8574210	0.834	4264393	632593	573254	241549	0	260169
lb_s_280	17536469	14375072	0.82	7082244	1156896	1173083	474723	0	356695
lb_s_292	6575577	5326786	0.81	2628187	437494	464052	184068	0	163177
lb_s_295	18741977	15208917	0.811	7492348	1247076	1315965	513106	0	456913
lb_s_309	8265638	6462045	0.782	3227491	552458	718813	198870	0	333452
lb_s_313	10103211	8063014	0.798	4009707	621166	834366	247256	0	337409
lb_s_38	13270433	10358894	0.781	5168109	928905	1135114	326577	0	520943
lb_s_39	18918541	15920797	0.842	7918407	1167317	951359	514389	0	364679
lb_s_4	12401577	10156224	0.819	5004441	736569	855404	368619	0	284761
lb_s_41	24387367	20196141	0.828	10027842	1658370	1334010	598379	0	600467
lb_s_50	17636624	14758301	0.837	7327771	1108151	936033	419633	0	414506
lb_s_62	14601407	11977062	0.82	5952816	1001820	834879	376887	0	410759
lb_s_63	15830979	12354473	0.78	6167242	1051998	1391375	382586	0	650547
lb_s_72	21913870	18350051	0.837	9111598	1384393	1161469	506981	0	510976
lb_s_77	23253345	19455745	0.837	9669719	1409358	1259624	653001	0	475617
lb_s_80	13241654	10342821	0.781	5164152	883353	1154501	309343	0	551636
lb_s_82	22126775	18007329	0.814	8585870	1384810	1512254	847839	0	374543
lb_s_90	4720762	3970905	0.841	1978452	312014	231857	125810	0	80176
rs_f_10	18396916	15046220	0.818	7402986	1083028	1306295	535007	0	426366
rs_f_114	19725047	15613270	0.792	7787825	1301518	1632463	474333	0	703463
rs_f_115	16345569	12726473	0.779	6354226	1157173	1407893	383769	0	670261
rs_f_120	67138549	54691696	0.815	27050884	4309162	4771598	1948484	0	1417609
rs_f_13	19706316	15316415	0.777	7650242	1361507	1734541	470541	0	823312
rs_f_130	31412098	24514652	0.78	12158872	2137468	2735419	792161	0	1232398
rs_f_135	43801128	36346430	0.83	18031042	2745591	2511262	1005465	0	1192380
rs_f_137	21071157	16284429	0.773	8075428	1468876	1912201	527030	0	878621
rs_f_138	30689323	23642968	0.77	11786744	2179622	2760803	743185	0	1362745
rs_f_144	28841784	22834859	0.792	11332567	1792933	2449023	715357	0	1049612
rs_f_152	13100595	10539922	0.805	5200456	826973	999048	361387	0	373265
rs_f_157	32108453	25451253	0.793	12511722	2196948	2557623	884322	0	1018307
rs_f_158	31147376	24826993	0.797	12330110	1932525	2564811	764345	0	1058702
rs_f_160	34383975	28344431	0.824	13956597	2043466	2331685	948544	0	715849
rs_f_168	22188251	18486359	0.833	9195902	1366937	1231495	631867	0	471593
rs_f_178	18268913	15088185	0.826	7514409	1202973	1063703	445751	0	468301
rs_f_18	20501464	16734851	0.816	8242509	1328778	1407765	582884	0	447186
rs_f_183	8828890	7034462	0.797	3468785	612752	682665	243323	0	255688
rs_f_185	13521284	10487450	0.776	5231636	958453	1193686	321589	0	560106
rs_f_186	21440800	17434384	0.813	8312687	1282712	1509809	812873	0	401022
rs_f_189	6181159	5217280	0.844	2597171	350005	324448	176625	0	112801
rs_f_203	18020065	14941815	0.829	7425909	1133213	1038955	413381	0	492701
rs_f_204	15049571	11660856	0.775	5829018	1049324	1350500	358798	0	630093
rs_f_205	15288838	12655299	0.828	6280202	947124	869155	412852	0	404408
rs_f_210	17991375	14448696	0.803	7118971	1192959	1348604	514909	0	486207
rs_f_214	15182897	12472215	0.821	6143986	916257	1038858	414538	0	341029
rs_f_215	92326	69872	0.757	31932	5522	8013	7447	0	1472
rs_f_217	5278650	4104823	0.778	2021305	364805	454596	141984	0	212442
rs_f_228	18206910	14538642	0.799	7227752	1136713	1492743	444360	0	594452
rs_f_233	19404620	16427039	0.847	8171541	1099216	1006489	494632	0	377244
rs_f_236	18331671	15236799	0.831	7563070	1100170	1068521	434724	0	491457
rs_f_240	101370	32824	0.324	16201	3042	3320	60944	0	1240
rs_f_241	19257239	16213092	0.842	8067018	1143679	1015109	509978	0	375381
rs_f_257	14241704	11598728	0.814	5730927	876504	1030832	392310	0	343330
rs_f_262	129936	90989	0.7	43035	8576	15595	11452	0	3324
rs_f_263	151919	110053	0.724	54381	10130	15094	10959	0	5683
rs_f_270	28064754	21847244	0.778	10921179	1994254	2430216	679440	0	1113600
rs_f_272	7521508	6332679	0.842	3153007	440875	396978	211688	0	139288
rs_f_290	10689871	8753688	0.819	4176954	624451	733411	397476	0	180845
rs_f_31	19722991	15770221	0.8	7769446	1298685	1540856	548492	0	564737
rs_f_34	15551796	12778372	0.822	6359528	1066365	912365	371588	0	423106
rs_f_42	22889336	19306974	0.843	9606870	1318967	1213956	610291	0	439148
rs_f_45	23766502	19622980	0.826	9760658	1594199	1372886	561907	0	614530
rs_f_46	22406923	18906159	0.844	9404194	1325681	1162461	577299	0	435323
rs_f_5	19603343	15377756	0.784	7667458	1326531	1656314	523273	0	719469
rs_f_53	15346515	12168024	0.793	6049436	954468	1305976	375366	0	542681
rs_f_54	17933291	14922772	0.832	7407364	1132332	1007998	411358	0	458831
rs_f_66	16397227	13276422	0.81	6558983	1028900	1203114	448942	0	439849
rs_f_79	17975214	14238841	0.792	7074943	1150771	1513898	443076	0	628628
rs_f_85	16411180	12797875	0.78	6388724	1147930	1426924	401539	0	636912
rs_f_87	17773188	13972755	0.786	6968636	1134929	1547416	423792	0	694296
rs_s_10	12861174	10370829	0.806	5111092	820042	946668	394457	0	329178
rs_s_106	14838530	11774074	0.793	5852093	942632	1241133	375755	0	504936
rs_s_113	827395	703828	0.851	351089	51584	38694	20464	0	12825
rs_s_118	19839722	16023339	0.808	7630576	1241751	1426113	749959	0	398560
rs_s_12	21750292	18340496	0.843	9123999	1236596	1137508	629468	0	406224
rs_s_120	23247404	18946422	0.815	9019814	1349321	1652969	883162	0	415530
rs_s_125	19247832	16182742	0.841	8043049	1120617	1019543	532382	0	392548
rs_s_127	16910615	13132377	0.777	6566933	1200183	1481440	398156	0	698459
rs_s_136	14508545	11810631	0.814	5817103	887118	1041641	416942	0	352213
rs_s_140	18796280	15285773	0.813	7288068	1114316	1342931	708344	0	344916
rs_s_15	16944116	13541392	0.799	6665485	1120654	1317377	485187	0	479506
rs_s_152	14598628	11693966	0.801	5757197	920154	1137733	407677	0	439098
rs_s_164	14958136	12034167	0.805	5924816	949679	1142149	408731	0	423410
rs_s_166	14954997	12165413	0.813	5994840	946422	1058698	416155	0	368309
rs_s_169	17413309	13792314	0.792	6856788	1165086	1438360	446562	0	570987
rs_s_170	17828323	14263542	0.8	7014714	1148705	1398526	496067	0	521483
rs_s_172	15809408	12981650	0.821	6440711	1048010	932314	397204	0	450230
rs_s_175	14483904	11356844	0.784	5648515	987517	1252705	369346	0	517492
rs_s_178	17842257	14359743	0.805	7143067	1091719	1414673	447009	0	529113
rs_s_182	13108753	10678725	0.815	5311005	906624	778406	374077	0	370921
rs_s_188	15147290	12308879	0.813	6066313	940376	1078809	437570	0	381656
rs_s_196	18166629	14141163	0.778	7066654	1275582	1583268	435671	0	730945
rs_s_212	19446329	15704580	0.808	7481248	1251910	1387788	728736	0	373315
rs_s_219	14884275	11955024	0.803	5890918	980615	1127337	413918	0	407381
rs_s_223	18701756	14837448	0.793	7372352	1196565	1542101	497066	0	628576
rs_s_226	20081199	15980853	0.796	7875956	1372786	1581286	556749	0	589525
rs_s_240	12695008	10164614	0.801	5011663	859995	928509	399118	0	342772
rs_s_242	17886221	14963132	0.837	7446941	1097067	946785	525512	0	353725
rs_s_244	9010857	7297269	0.81	3475519	567254	644801	345182	0	156351
rs_s_247	17284160	14566934	0.843	7249858	1007058	902862	481140	0	326166
rs_s_250	19632648	16419993	0.836	8170111	1199340	1091363	439864	0	482088
rs_s_253	10996855	8865379	0.806	4372065	684655	846828	309260	0	290733
rs_s_258	7895193	6632581	0.84	3301306	478975	414274	221654	0	147709
rs_s_267	14096434	11715229	0.831	5817960	909261	774444	354802	0	342698
rs_s_27	15709590	12794632	0.814	6303652	1031990	1079404	457476	0	346088
rs_s_278	14510835	11828435	0.815	5828385	927335	1020992	405132	0	328941
rs_s_283	24425218	20346151	0.833	10105073	1516572	1378412	587383	0	596700
rs_s_285	15411210	12315022	0.799	6065729	1029994	1201137	431925	0	433132
rs_s_287	15036578	12217146	0.812	6015989	906656	1083920	428658	0	400198
rs_s_290	20035242	16233613	0.81	7744760	1236415	1429193	774329	0	361692
rs_s_291	19040578	15155030	0.796	7530200	1210875	1565811	478396	0	630466
rs_s_30	18317633	15511994	0.847	7720010	1045917	939340	480687	0	339695
rs_s_302	8280045	6640010	0.802	3268797	501592	655302	230604	0	252537
rs_s_306	12759898	9940323	0.779	4958287	877429	1121771	306999	0	513376
rs_s_31	19864153	16606902	0.836	8260969	1174443	1117429	488662	0	476717
rs_s_316	13669574	10975729	0.803	5399629	861143	1048107	388055	0	396540
rs_s_321	16933	6325	0.374	3124	548	612	9221	0	227
rs_s_33	58179352	47769079	0.821	23640271	3575826	4037619	1641244	0	1155584
rs_s_331	14618672	11378905	0.778	5679953	977946	1276758	382673	0	602390
rs_s_344	161931	129580	0.8	64148	10067	9993	9726	0	2565
rs_s_35	13995991	11155798	0.797	5486559	905665	1106119	411800	0	416609
rs_s_353	8791806	7189277	0.818	3555328	530188	626507	243392	0	202442
rs_s_356	12422855	10165324	0.818	5008581	751106	871762	365358	0	269305
rs_s_36	14347630	11125215	0.775	5561213	1016399	1256692	369760	0	579564
rs_s_360	16771902	13123954	0.782	6558231	1121232	1468879	420445	0	637392
rs_s_363	12404874	10159223	0.819	5051716	852647	746057	292057	0	354890
rs_s_369	16549845	12907105	0.78	6448663	1134405	1451386	401066	0	655883
rs_s_371	12687954	9857304	0.777	4913699	882850	1127043	304959	0	515798
rs_s_379	6407608	5213927	0.814	2568927	410075	452849	181579	0	149178
rs_s_381	18790090	15233060	0.811	7254935	1141179	1351422	722047	0	342382
rs_s_383	7176563	5564189	0.775	2786420	479316	650552	170169	0	312337
rs_s_4	14820235	11676013	0.788	5761348	1003582	1201035	434474	0	505131
rs_s_44	13855068	10808368	0.78	5397538	933471	1210284	343199	0	559746
rs_s_64	18935450	15072035	0.796	7498089	1200753	1562939	493497	0	606226
rs_s_65	20067550	16977581	0.846	8447839	1120955	1043594	548146	0	377274
rs_s_69	9518379	7611055	0.8	3788356	612413	765440	236538	0	292933
rs_s_73	16636955	12892134	0.775	6437399	1125599	1502502	412537	0	704183
rs_s_76	53055495	43619422	0.822	21586770	3208602	3681097	1501343	0	1045031
rs_s_8	18360776	14725298	0.802	7250332	1206298	1378486	565236	0	485458
rs_s_83	15957443	13302725	0.834	6604954	954511	903627	385923	0	410657
rs_s_84	17351056	13756857	0.793	6843053	1145612	1433627	451246	0	563714
rs_s_85	13939180	10884797	0.781	5428784	925303	1231971	342833	0	554276
rs_s_87	22474556	18226978	0.811	8671585	1374339	1600807	878982	0	393450