sample	n_loci	n_used_fw_reads	mean_cov	mean_cov_ns	n_unpaired_read	n_pcr_dupl_pairs	pcr_dupl_rate	records	primary_kept	kept_frac	primary_kept_read2	primary_disc_mapq	primary_disc_sclip	unmapped	secondary	supplementary
bb_f_10	177287	234546	1.323	1.328	19346	24495	0.095	667661	554524	0.831	276137	44685	30544	27677	0	10231
bb_f_110	462416	2140734	4.629	4.827	661989	3682068	0.632	16600261	12926148	0.779	6441357	1170120	1438136	402566	0	663291
bb_f_119	495618	5810966	11.725	12.406	800883	2189395	0.274	21310261	17365560	0.815	8564316	1423739	1441846	578835	0	500281
bb_f_121	492545	6198059	12.584	13.272	704573	1770280	0.222	20857910	17243472	0.827	8570560	1427485	1152066	477017	0	557870
bb_f_129	460412	2133489	4.634	4.818	656670	3690248	0.634	16484182	12915915	0.784	6435508	1108447	1411126	403782	0	644912
bb_f_131	477747	2674050	5.597	5.85	822238	4764011	0.64	20960965	16474048	0.786	8213749	1457081	1737463	494284	0	798089
bb_f_157	431743	8915840	20.651	21.644	895209	2558324	0.223	29116172	24576336	0.844	12206963	1757713	1447890	765513	0	568720
bb_f_161	457435	2596166	5.675	5.913	423822	630457	0.195	9099294	7197014	0.791	3546569	610814	723905	243927	0	323634
bb_f_165	462152	2265398	4.902	5.089	782636	4257726	0.653	18712083	14556845	0.778	7251085	1296913	1613327	466911	0	778087
bb_f_168	501075	5734574	11.445	11.988	544221	1160637	0.168	17456625	14791805	0.847	7352373	1101461	832007	407007	0	324345
bb_f_170	491211	6182101	12.585	13.224	664643	1713488	0.217	20522096	17035218	0.83	8474986	1434783	1083498	490337	0	478260
bb_f_174	487559	4985038	10.224	10.764	690485	1809508	0.266	18163965	14757599	0.812	7272568	1216379	1253617	505253	0	431117
bb_f_181	494102	5195704	10.515	11.095	644292	1646783	0.241	17804611	14758999	0.829	7272220	1078090	1142290	486249	0	338983
bb_f_183	45970	49185	1.07	1.072	5959	834	0.017	142806	109845	0.769	53867	8674	8839	12750	0	2698
bb_f_186	424865	5946202	13.996	14.576	546573	1392578	0.19	18650982	15689554	0.841	7804201	1210732	923749	477503	0	349444
bb_f_189	485151	3184068	6.563	6.898	635740	2260875	0.415	15074757	11968577	0.794	5887894	1087630	1137331	441128	0	440091
bb_f_19	477576	6323282	13.24	13.936	731232	1819963	0.223	21490397	17651846	0.821	8777369	1490789	1248531	522574	0	576657
bb_f_191	445881	1835563	4.117	4.248	213721	477224	0.206	6031412	4982178	0.826	2455670	372950	390119	175973	0	110192
bb_f_193	476312	2285323	4.798	4.997	210675	362404	0.137	6794327	5683953	0.837	2825551	459451	341091	167179	0	142653
bb_f_20	498558	6584287	13.207	14.002	702148	1420596	0.177	20741289	17279760	0.833	8572729	1360357	1107609	480522	0	513041
bb_f_213	478579	3224747	6.738	7.047	764851	3816034	0.542	19470882	15526017	0.797	7720385	1337167	1521107	498513	0	588078
bb_f_218	450351	1932745	4.292	4.462	473982	2138097	0.525	11489836	9031529	0.786	4486705	820926	942176	295867	0	399338
bb_f_221	490984	4417455	8.997	9.495	578439	1357222	0.235	15357304	12521204	0.815	6168088	1063571	1016944	416271	0	339314
bb_f_231	464006	2134450	4.6	4.77	206220	313840	0.128	6312855	5271050	0.835	2616540	395157	335278	165401	0	145969
bb_f_236	485685	4470627	9.205	9.661	492101	1125030	0.201	14550349	12100103	0.832	6012345	922121	805426	338866	0	383833
bb_f_237	442390	1773540	4.009	4.165	577274	3204437	0.644	14329089	11090598	0.774	5535347	1036453	1247203	351932	0	602903
bb_f_239	424281	1367530	3.223	3.313	379698	1994865	0.593	9587506	7473079	0.779	3730986	673591	820680	235634	0	384522
bb_f_24	487693	5266283	10.798	11.354	590716	1362178	0.206	17335594	14350549	0.828	7131372	1184100	952800	391649	0	456496
bb_f_282	383806	975218	2.541	2.604	280771	1510534	0.608	7147133	5543828	0.776	2777305	506078	628359	181707	0	287161
bb_f_288	410937	5438020	13.233	13.803	497945	1195635	0.18	16852981	14188543	0.842	7056943	1044383	852794	449950	0	317311
bb_f_316	482057	3391221	7.035	7.365	818942	4058190	0.545	20685487	16439042	0.795	8170689	1455093	1632318	529347	0	629687
bb_f_320	463494	2256473	4.868	5.064	569241	2598532	0.535	13683728	10770768	0.787	5346522	957023	1129542	346441	0	479954
bb_f_4	484330	5613302	11.59	12.202	777501	2121705	0.274	20726506	16794686	0.81	8282178	1406493	1435598	606363	0	483366
bb_f_41	406525	1881167	4.627	4.775	546345	3113724	0.623	14006318	11053941	0.789	5512705	932571	1156390	367998	0	495418
bb_f_43	430893	6585415	15.283	15.934	607926	1618356	0.197	20657363	17530062	0.849	8718365	1211441	1007683	522270	0	385907
bb_f_46	474777	3701387	7.796	8.165	707932	2653458	0.418	17232960	13913010	0.807	6850233	1139284	1253008	479032	0	448626
bb_f_5	511243	6826609	13.353	14.616	980765	2633082	0.278	25360554	20573136	0.811	10132680	1680112	1749393	763187	0	594726
bb_f_56	424200	6407633	15.105	15.766	604785	1500365	0.19	20199537	16931319	0.838	8418536	1330228	1017057	540534	0	380399
bb_f_66	486960	5343411	10.973	11.545	762314	1941791	0.267	19471575	15854343	0.814	7806827	1268351	1335660	542910	0	470311
bb_f_82	473078	5330835	11.268	11.791	567527	1431911	0.212	17480438	14578401	0.834	7248128	1155065	914476	426572	0	405924
bb_f_99	498049	4671836	9.38	9.941	932210	3581931	0.434	22416801	18082946	0.807	8896969	1465048	1648637	609163	0	611007
bb_s_1	436134	6163225	14.131	14.744	1143201	1287479	0.173	20062658	16410556	0.818	7816651	1222984	1336640	754072	0	338406
bb_s_104	472251	2688903	5.694	5.948	504410	1862851	0.409	12399954	9960616	0.803	4904452	826467	923658	363489	0	325724
bb_s_108	486837	4491765	9.226	9.705	622433	1385403	0.236	15787396	12800407	0.811	6300806	1071996	1064238	471367	0	379388
bb_s_114	419470	6326374	15.082	15.844	584505	1510654	0.193	19957763	16760157	0.84	8338624	1187690	1006335	627820	0	375761
bb_s_116	485367	5392720	11.111	11.676	723929	1949849	0.266	19362563	15899717	0.821	7833219	1190270	1288576	572857	0	411143
bb_s_126	447863	7350434	16.412	17.221	1398017	1689129	0.187	24567135	19927789	0.811	9490209	1632236	1652019	929508	0	425583
bb_s_13	500249	3579145	7.155	7.811	572831	925985	0.206	12570027	10006922	0.796	4928961	846804	965385	342213	0	408703
bb_s_133	483668	3131781	6.475	6.808	648920	2261001	0.419	14835857	11879659	0.801	5837957	961681	1121732	428910	0	443875
bb_s_135	460002	2097898	4.561	4.748	682534	3856868	0.648	17220398	13263073	0.77	6625773	1299846	1512796	427937	0	716746
bb_s_141	505497	12366239	24.464	26.004	1625115	4909049	0.284	45240265	37417012	0.827	18516609	2865574	2877444	1279560	0	800675
bb_s_143	490049	5641887	11.513	12.134	718663	1818638	0.244	19651997	16114232	0.82	7935044	1322698	1272090	565818	0	377159
bb_s_151	472009	2231409	4.727	4.936	680655	3863489	0.634	17325552	13515467	0.78	6739914	1230480	1473476	434717	0	671412
bb_s_153	494789	6111065	12.351	13.044	639696	1281778	0.173	19164617	15943685	0.832	7911146	1257830	1017782	473401	0	471919
bb_s_159	439838	2371686	5.392	5.592	372652	565804	0.193	8209287	6525826	0.795	3215684	554660	630194	231568	0	267039
bb_s_167	443770	7206670	16.24	16.978	1307339	1611911	0.183	23654800	19363192	0.819	9237272	1488469	1530044	898149	0	374946
bb_s_170	492035	4002779	8.135	8.589	772990	2927058	0.422	18772442	15170472	0.808	7467645	1206736	1372923	533809	0	488502
bb_s_172	454694	2008999	4.418	4.595	485909	2248703	0.528	11913588	9429076	0.791	4685465	810859	958690	317293	0	397670
bb_s_175	475487	3545437	7.456	7.81	534879	925387	0.207	12215743	9865415	0.808	4859712	761113	895479	349947	0	343789
bb_s_18	475410	3654883	7.688	8.029	454499	1199150	0.247	12681113	10473332	0.826	5164800	766532	822831	369551	0	248867
bb_s_185	423709	6970162	16.45	17.18	638365	1733144	0.199	21930643	18580852	0.847	9239181	1352105	1056525	550182	0	390979
bb_s_193	491210	4870924	9.916	10.46	676672	1759163	0.265	17661544	14399001	0.815	7092242	1144770	1215879	484560	0	417334
bb_s_20	488872	4906726	10.037	10.554	665665	1377838	0.219	16850124	13731364	0.815	6781135	1089254	1149018	500692	0	379796
bb_s_204	492737	5665590	11.498	12.141	777544	2096195	0.27	20519100	16837772	0.821	8298443	1283147	1378169	554242	0	465770
bb_s_205	495711	5055376	10.198	10.779	674297	1617379	0.242	17684981	14473455	0.818	7126403	1164131	1183942	474244	0	389209
bb_s_206	54528	59277	1.087	1.089	6958	1305	0.022	173552	133016	0.766	65476	10887	11055	15058	0	3536
bb_s_207	443391	5638236	12.716	13.26	1032962	1140052	0.168	18233791	14930968	0.819	7119718	1082415	1218247	675060	0	327101
bb_s_209	499931	5057838	10.117	10.756	653380	1575175	0.237	17496800	14368180	0.821	7081787	1124622	1158766	465364	0	379868
bb_s_210	475843	2739893	5.758	6.016	653008	3192809	0.538	16424563	13098990	0.798	6513280	1095476	1305395	407663	0	517039
bb_s_216	464977	2270863	4.884	5.083	725974	4238368	0.651	18291196	14435649	0.789	7200444	1195962	1512030	449095	0	698460
bb_s_220	490091	6299054	12.853	13.528	677448	1788905	0.221	20801538	17433528	0.838	8668121	1312582	1094560	471342	0	489526
bb_s_225	500771	3974467	7.937	8.421	774147	2941110	0.425	18839455	15152033	0.804	7462309	1276864	1380135	515020	0	515403
bb_s_237	487491	4542033	9.317	9.808	632820	1550511	0.254	16272705	13256692	0.815	6531328	1076186	1111274	429218	0	399335
bb_s_241	434118	7004425	16.135	16.881	1318948	1558461	0.182	23000011	18853512	0.82	8971678	1359442	1557328	850166	0	379563
bb_s_246	504745	11128964	22.049	23.57	1579904	4308331	0.279	41064092	33639191	0.819	16621992	2685145	2742933	1128823	0	868000
bb_s_250	452457	2504373	5.535	5.76	415084	608703	0.196	8764276	6948406	0.793	3420246	567542	702066	231380	0	314882
bb_s_256	422256	1790190	4.24	4.388	319092	408529	0.186	6351586	4956218	0.78	2438407	429621	534142	168311	0	263294
bb_s_262	427227	1324552	3.1	3.188	357365	1949412	0.595	9255425	7257559	0.784	3626230	645708	781275	223790	0	347093
bb_s_273	420154	2803044	6.671	6.873	488592	434440	0.134	8720640	7121317	0.817	3395241	544739	584866	322922	0	146796
bb_s_277	453343	1922436	4.241	4.415	635355	3571946	0.65	15853910	12246872	0.772	6117135	1191226	1376882	365034	0	673896
bb_s_283	37660	39805	1.057	1.058	5834	2106	0.05	125960	92764	0.736	45019	8434	9691	12241	0	2830
bb_s_284	32831	34475	1.05	1.051	6790	7674	0.182	135950	96090	0.707	47151	9854	13738	10800	0	5468
bb_s_287	416140	3559825	8.554	8.829	632178	569237	0.138	11099831	9083471	0.818	4322231	687008	737808	414001	0	177543
bb_s_292	372975	941978	2.526	2.588	273129	1450393	0.606	6904860	5337287	0.773	2671787	511467	599345	162659	0	294102
bb_s_300	476513	2402471	5.042	5.268	751191	4149793	0.633	18461330	14544658	0.788	7241203	1215247	1535035	445072	0	721318
bb_s_311	495426	5381577	10.863	11.481	738320	1711006	0.241	18819326	15420678	0.819	7589775	1196540	1250526	521336	0	430246
bb_s_314	488283	5239662	10.731	11.289	593808	1387869	0.209	17332434	14346932	0.828	7125593	1180149	936016	410069	0	459268
bb_s_321	28861	30128	1.044	1.045	4987	1452	0.046	101316	70542	0.696	33975	6886	10242	11522	0	2124
bb_s_45	505601	6789342	13.428	14.348	902547	2274854	0.251	23947070	19636001	0.82	9669258	1551690	1574946	677229	0	507204
bb_s_68	367231	4343861	11.829	12.254	787842	835686	0.161	13996314	11395272	0.814	5427883	850173	962742	573557	0	214570
bb_s_75	492332	4525370	9.192	9.719	1444619	8917745	0.663	37658128	29700787	0.789	14813053	2614386	3075431	884912	0	1382612
bb_s_77	481831	5598897	11.62	12.22	763030	1660514	0.229	19321437	15847376	0.82	7824935	1199340	1319445	527743	0	427533
bb_s_81	428064	7070039	16.516	17.276	1366758	1577067	0.182	23510614	19077965	0.811	9064101	1532669	1599770	923410	0	376800
bb_s_86	499640	7578448	15.168	16.11	914375	2358079	0.237	26324602	21566615	0.819	10715713	1815171	1535235	665655	0	741926
bb_s_89	452445	4796435	10.601	11.169	854736	867987	0.153	15405232	12468589	0.809	5949431	1013458	1034956	618363	0	269866
cl_f_119	505720	4979088	9.846	10.518	528078	949111	0.16	15466468	12814611	0.829	6358334	1042210	829149	382372	0	398126
cl_f_12	483565	5085604	10.517	11.032	587756	1305889	0.204	16864967	13873234	0.823	6893985	1156302	960837	417321	0	457273
cl_f_121	431887	6465806	14.971	15.633	590037	1541763	0.193	20142661	17104630	0.849	8507024	1169441	987154	521285	0	360151
cl_f_126	423814	6689395	15.784	16.426	601990	1619733	0.195	20925586	17735115	0.848	8823997	1244881	1012247	566313	0	367030
cl_f_139	447425	6956387	15.548	16.28	1283184	1509499	0.178	22915617	18643881	0.814	8894811	1436797	1576853	854613	0	403473
cl_f_141	467290	2230415	4.773	4.968	724109	4100528	0.648	18013561	14079479	0.782	7024427	1283315	1516863	424893	0	709011
cl_f_142	486479	5286085	10.866	11.424	586034	1384818	0.208	17477309	14433492	0.826	7176555	1218700	964222	405772	0	455123
cl_f_146	496258	3725970	7.508	7.933	730190	2663065	0.417	17494982	14014988	0.801	6895763	1212734	1297529	495963	0	473768
cl_f_148	500592	4940653	9.87	10.338	460677	933214	0.159	14943141	12604862	0.844	6270318	999426	716737	344765	0	277351
cl_f_154	447101	6787130	15.18	15.897	1319870	1436295	0.175	22382877	18174644	0.812	8631349	1411604	1529580	888768	0	378281
cl_f_155	477350	2582557	5.41	5.664	616813	2947538	0.533	15487759	12236564	0.79	6089656	1101238	1251899	391311	0	506747
cl_f_159	491587	4956358	10.082	10.643	646644	1532907	0.236	17054026	14061283	0.825	6925374	1033724	1129948	464427	0	364644
cl_f_175	469692	2162976	4.605	4.804	670917	3749636	0.634	16705793	13118406	0.785	6534877	1141878	1383986	419018	0	642505
cl_f_177	403896	6479015	16.041	16.673	597895	1556572	0.194	20267123	17175296	0.847	8541814	1164602	1001556	567688	0	357981
cl_f_187	469702	2385792	5.079	5.294	726806	4105323	0.632	18385865	14393521	0.783	7175600	1316172	1533776	438975	0	703421
cl_f_192	486568	4776728	9.817	10.316	506016	936967	0.164	14985425	12352009	0.824	6132298	1045899	836554	367962	0	383001
cl_f_197	482273	4740832	9.83	10.321	672627	1667510	0.26	17189557	13956969	0.812	6876000	1106951	1209030	489058	0	427549
cl_f_20	469075	3364821	7.173	7.491	640469	2383838	0.415	15770940	12589704	0.798	6200576	1122741	1169873	499192	0	389430
cl_f_21	444206	2702423	6.084	6.292	893732	5173433	0.657	22240086	17489080	0.786	8719492	1492017	1861248	577145	0	820596
cl_f_214	457553	2139445	4.676	4.848	274757	631797	0.228	7412534	6010053	0.811	2964054	501739	515304	218314	0	167124
cl_f_226	441190	6818934	15.456	16.138	1245539	1471709	0.178	22175978	18228459	0.822	8692277	1294689	1474279	815081	0	363470
cl_f_234	484584	4045426	8.348	8.77	538775	1216072	0.231	13944855	11425350	0.819	5625077	876778	951286	383222	0	308219
cl_f_236	470427	2604763	5.537	5.746	258448	550286	0.174	8151904	6796734	0.834	3383237	537991	431174	201461	0	184544
cl_f_25	459526	2116600	4.606	4.782	695530	3854713	0.646	17108561	13315892	0.778	6649049	1191115	1473008	446445	0	682101
cl_f_260	40404	43468	1.076	1.077	5732	1110	0.025	127292	98090	0.771	47780	7344	8483	11527	0	1848
cl_f_265	482642	3806459	7.887	8.251	419372	887345	0.189	12299231	10165339	0.827	5052163	834725	689395	278711	0	331061
cl_f_269	422352	1579093	3.739	3.846	352075	1553183	0.496	8722837	6932459	0.795	3448108	585732	701050	222911	0	280685
cl_f_270	436949	2005043	4.589	4.76	359237	469390	0.19	7160620	5580285	0.779	2746615	479705	608227	188783	0	303620
cl_f_272	485875	3391528	6.98	7.31	684015	2444897	0.419	16026279	12827820	0.8	6307380	1059745	1229632	443325	0	465757
cl_f_276	457339	2722435	5.953	6.173	370420	668975	0.197	9144619	7437958	0.813	3676128	565388	655927	255705	0	229641
cl_f_286	498089	6569936	13.19	13.943	901500	2043638	0.237	23069949	18813863	0.816	9298789	1529032	1570297	637992	0	518765
cl_f_288	476202	4048658	8.502	8.895	580101	1100732	0.214	13933923	11307912	0.812	5578421	907048	989327	376529	0	353107
cl_f_296	467515	4312978	9.225	9.618	433841	797940	0.156	13194970	11006660	0.834	5461901	863100	696433	316487	0	312290
cl_f_312	493542	4507390	9.133	9.64	663020	1578733	0.259	16514466	13297878	0.805	6548735	1112466	1201289	458161	0	444672
cl_f_314	439617	1704805	3.878	3.996	207068	439216	0.205	5646135	4635969	0.821	2284880	366146	369764	155653	0	118603
cl_f_34	485702	5431377	11.183	11.77	801441	1561120	0.223	19016335	15384476	0.809	7590538	1206127	1375030	557763	0	492939
cl_f_343	462049	2576503	5.576	5.785	252506	383851	0.13	7646085	6379459	0.834	3166599	498401	402219	183945	0	182061
cl_f_348	405186	6418752	15.841	16.463	594880	1539097	0.193	20064142	17009694	0.848	8456965	1184285	984275	525590	0	360298
cl_f_38	489873	5090680	10.392	10.947	679989	1602236	0.239	17724318	14522304	0.819	7149399	1128947	1197575	493900	0	381592
cl_f_41	445378	7866780	17.663	18.473	758231	2024037	0.205	25257091	21186507	0.839	10537459	1642788	1273538	666315	0	487943
cl_f_46	426674	5991891	14.043	14.612	1136502	1233099	0.171	19530833	15948090	0.817	7586598	1166587	1338936	743965	0	333255
cl_f_52	470953	2763727	5.868	6.11	658997	3182129	0.535	16377907	13124820	0.801	6519967	1061850	1268159	415609	0	507469
cl_f_53	479587	4490733	9.364	9.801	496048	1139867	0.202	14743979	12186784	0.827	6060136	1011015	822682	341721	0	381777
cl_f_55	416470	6737771	16.178	16.818	1296207	1496145	0.182	22228354	18153909	0.817	8623786	1326531	1495087	907997	0	344830
cl_f_56	465415	4749194	10.204	10.673	668396	1690640	0.263	17331238	14009681	0.808	6901451	1190713	1209001	503583	0	418260
cl_f_68	403454	6343241	15.722	16.323	589276	1526321	0.194	19928513	16827827	0.844	8368989	1188882	981471	570516	0	359817
cl_f_76	504081	4766006	9.455	10.221	588902	1428490	0.231	16327039	13373375	0.819	6589977	1117999	1064607	458721	0	312337
cl_f_79	456706	1949211	4.268	4.435	599644	3289588	0.628	14830892	11628726	0.784	5790283	1013575	1232033	370070	0	586488
cl_f_85	483542	5348214	11.06	11.627	739639	1960027	0.268	19468001	15866538	0.815	7818658	1301162	1317917	535987	0	446397
cl_f_88	407173	4747461	11.66	12.073	858262	885115	0.157	15064016	12389271	0.822	5898433	846034	1017341	582718	0	228652
cl_s_104	418094	5684780	13.597	14.162	520458	1280004	0.184	17607935	14893079	0.846	7407837	1054437	877964	458130	0	324325
cl_s_110	38338	41243	1.076	1.078	8622	40522	0.496	237087	181226	0.764	90839	14327	19389	16140	0	6005
cl_s_113	476297	3819801	8.02	8.404	536804	1249559	0.246	13624563	11052969	0.811	5446805	893914	941395	392336	0	343949
cl_s_115	492498	6148672	12.485	13.139	666425	1700299	0.217	20291181	16944357	0.835	8428961	1301662	1092778	468603	0	483781
cl_s_117	491642	6183492	12.577	13.314	894154	2327994	0.274	22719345	18538873	0.816	9133233	1407077	1593291	611003	0	569101
cl_s_119	490973	4783654	9.743	10.278	665987	1670240	0.259	17364516	14039003	0.808	6919122	1216597	1213165	479525	0	416226
cl_s_129	490988	5562376	11.329	11.955	660019	1534657	0.216	18642195	15407152	0.826	7650100	1226777	1044311	445784	0	518171
cl_s_142	500553	5900275	11.788	12.527	644606	1242602	0.174	18716592	15461082	0.826	7673599	1261150	1053811	437827	0	502722
cl_s_147	473206	2836829	5.995	6.244	654253	3238633	0.533	16611739	13379585	0.805	6649870	1036988	1295762	416321	0	483083
cl_s_148	476955	2877864	6.034	6.313	700895	3383405	0.54	17484314	13852591	0.792	6890427	1186635	1427173	435881	0	582034
cl_s_154	482963	4251119	8.802	9.24	563869	1270364	0.23	14687085	11991742	0.816	5906390	961423	997275	398856	0	337789
cl_s_17	464119	2322419	5.004	5.204	712192	3954991	0.63	17756590	13936380	0.785	6946778	1217076	1492064	443634	0	667436
cl_s_179	459257	1850229	4.029	4.19	544872	3006093	0.619	13690597	10771893	0.787	5370699	936342	1139739	319058	0	523565
cl_s_188	492697	4125123	8.373	8.834	532104	1226387	0.229	14273445	11606406	0.813	5722792	998770	953598	403370	0	311301
cl_s_189	484256	2668781	5.511	5.793	532828	1818589	0.405	12404229	9890755	0.797	4870557	821240	952792	364445	0	374997
cl_s_19	473802	2783883	5.876	6.132	705108	3232854	0.537	16827710	13350912	0.793	6629067	1106061	1375166	435981	0	559590
cl_s_190	436950	1539456	3.523	3.645	459665	2514218	0.62	11591988	9006356	0.777	4493017	844530	995710	274008	0	471384
cl_s_199	433095	5863894	13.54	14.114	1070931	1216138	0.172	19121753	15584105	0.815	7433142	1190820	1300696	709755	0	336377
cl_s_20	401042	6920870	17.257	18.005	1307289	1613272	0.189	23149276	18800078	0.812	8958647	1495031	1578494	893509	0	382164
cl_s_215	456256	1929395	4.229	4.387	600756	3415621	0.639	15114223	11874497	0.786	5928725	1033810	1263733	352894	0	589289
cl_s_23	450090	1939324	4.309	4.467	628919	3510001	0.644	15592409	12136581	0.778	6058337	1113633	1337413	377655	0	627127
cl_s_234	438455	1777071	4.053	4.201	587886	3248068	0.646	14472140	11207078	0.774	5594053	1013164	1289851	349521	0	612526
cl_s_236	443061	6184078	13.958	14.579	1124955	1291153	0.173	20182622	16450367	0.815	7850181	1301805	1347790	732744	0	349916
cl_s_249	496428	6056782	12.201	12.907	726692	1696920	0.219	20379946	16842177	0.826	8361783	1321392	1149334	490579	0	576464
cl_s_257	420714	7038160	16.729	17.451	671537	1778498	0.202	22377405	18875501	0.844	9387306	1372822	1128523	571970	0	428589
cl_s_26	478689	5118589	10.693	11.208	699948	1863675	0.267	18501144	15146285	0.819	7464073	1185929	1235029	523197	0	410704
cl_s_27	454770	3019480	6.64	6.911	491102	759521	0.201	10688943	8419481	0.788	4149378	774880	836215	297628	0	360739
cl_s_284	432119	5849913	13.538	14.087	1078505	1160656	0.166	18845674	15441764	0.819	7352690	1121466	1270353	696037	0	316054
cl_s_30	487564	4872587	9.994	10.515	633248	1546951	0.241	16837958	13895576	0.825	6842790	1031226	1102497	463935	0	344724
cl_s_308	460407	2092815	4.546	4.712	627901	3537924	0.628	15906902	12485105	0.785	6226465	1103810	1340893	378680	0	598414
cl_s_310	485862	4353458	8.96	9.428	636986	1528674	0.26	15979842	12849421	0.804	6330303	1131049	1139291	437625	0	422456
cl_s_32	406612	7040110	17.314	18.066	1338516	1631349	0.188	23418473	19105339	0.816	9095364	1397759	1617864	915732	0	381779
cl_s_34	456104	2210918	4.847	5.016	666146	3758652	0.63	16822172	13231516	0.787	6595800	1141320	1410798	412710	0	625828
cl_s_35	496249	5631568	11.348	11.917	614008	1181454	0.173	17803016	14744767	0.828	7317737	1259618	950543	426086	0	422002
cl_s_37	461767	2297968	4.976	5.162	744841	4258209	0.649	18642178	14578710	0.782	7277692	1287444	1572235	480131	0	723658
cl_s_40	493958	3552935	7.193	7.595	723919	2584825	0.421	16912752	13505794	0.799	6644115	1160202	1280595	478519	0	487642
cl_s_43	475704	2457433	5.166	5.402	786875	4295564	0.636	19355130	15022823	0.776	7482951	1436627	1648799	479383	0	767498
cl_s_47	490325	6945287	14.165	14.871	773167	2092797	0.232	23440454	19511200	0.832	9699949	1551205	1259866	553949	0	564234
cl_s_57	429528	6701085	15.601	16.394	642096	1613919	0.194	21205118	17815767	0.84	8858667	1340054	1075325	569342	0	404630
cl_s_58	473820	5855251	12.358	12.964	608741	1267288	0.178	18597188	15359494	0.826	7628214	1329168	1007883	445707	0	454936
cl_s_71	463485	2198099	4.743	4.935	666317	3759823	0.631	16965878	13216334	0.779	6592095	1246460	1436168	408142	0	658774
cl_s_77	483035	6036680	12.497	13.158	801944	2064208	0.255	21281941	17547141	0.825	8644309	1287962	1413937	581774	0	451127
cl_s_8	490586	4654874	9.488	9.993	486643	840818	0.153	14328410	11875207	0.829	5892872	932257	778861	380683	0	361402
cl_s_9	493923	5331648	10.794	11.385	579636	1018277	0.16	16520267	13751674	0.832	6822113	1017445	918486	397987	0	434675
cl_s_96	487337	4090730	8.394	8.828	536427	1190407	0.225	14118316	11471321	0.813	5653757	960554	978705	384902	0	322834
lb_f_100	505818	6364553	12.583	13.39	658693	1373315	0.177	19968910	16681037	0.835	8284476	1267112	1066529	475092	0	479140
lb_f_109	507642	8458601	16.663	17.812	988130	2103218	0.199	27604919	22906944	0.83	11356995	1709585	1572412	641165	0	774813
lb_f_114	479871	3383395	7.051	7.397	662524	2414008	0.416	15845935	12724223	0.803	6264296	1032497	1202292	440632	0	446291
lb_f_119	505327	4726063	9.352	9.97	946456	3616807	0.434	22862219	18314419	0.801	9025093	1573353	1709838	623432	0	641177
lb_f_134	23390	24493	1.047	1.05	4870	24311	0.498	139711	109524	0.784	55850	9785	13128	3687	0	3587
lb_f_137	457601	1718976	3.756	3.93	546009	2839658	0.623	13126159	10177640	0.775	5072997	918249	1152831	323106	0	554333
lb_f_142	528640	3115838	5.894	6.397	361408	989044	0.241	10685294	8824523	0.826	4358233	681303	682931	297119	0	199418
lb_f_143	357748	1038890	2.904	2.981	156873	672136	0.393	4418501	3690751	0.835	1822852	243898	293663	111680	0	78509
lb_f_146	505084	5304137	10.501	11.222	565774	1038040	0.164	16491884	13716232	0.832	6808281	1048874	916656	377510	0	432612
lb_f_150	497196	5048162	10.153	10.809	590589	1327060	0.208	16759484	13845918	0.826	6880107	1081400	976243	379035	0	476888
lb_f_151	485004	2487691	5.129	5.403	757372	4335898	0.635	19059304	15115697	0.793	7534736	1177914	1595785	449848	0	720060
lb_f_172	495110	3624352	7.32	7.753	725114	2610571	0.419	17072398	13709478	0.803	6749441	1065290	1326924	464962	0	505744
lb_f_178	414396	5757946	13.895	14.437	531387	1332766	0.188	17936823	15172409	0.846	7550310	1045928	910553	471816	0	336117
lb_f_179	439834	5797159	13.18	13.746	1038033	1159311	0.167	18570724	15289828	0.823	7295325	1047785	1248490	676187	0	308434
lb_f_185	492644	6556354	13.309	14.071	659700	1453689	0.181	20513757	17225754	0.84	8556011	1271953	1074010	486991	0	455049
lb_f_191	483818	3897360	8.055	8.47	539466	1338666	0.256	13914691	11387029	0.818	5611537	837204	972634	374735	0	343089
lb_f_197	467380	3550022	7.596	7.93	507567	941100	0.21	12264023	9878003	0.805	4879314	814027	904627	340707	0	326659
lb_f_202	493480	11327423	22.954	24.478	1584696	4489296	0.284	41665073	34429271	0.826	17027856	2409873	2824921	1173041	0	827967
lb_f_206	488560	4783138	9.79	10.319	655600	1724950	0.265	17309393	14134803	0.817	6971115	1099547	1194997	473583	0	406463
lb_f_214	452430	1795218	3.968	4.129	559947	3014241	0.627	13768538	10711187	0.778	5341781	948196	1185974	367953	0	555228
lb_f_220	490892	4688015	9.55	10.039	614978	1612266	0.256	16581763	13644106	0.823	6728847	993360	1127293	454309	0	362695
lb_f_226	501022	5155612	10.29	10.985	687254	1612772	0.238	18008110	14700809	0.816	7245171	1138595	1256038	504080	0	408588
lb_f_230	491670	5137309	10.449	11.013	657699	1638564	0.242	17808073	14657094	0.823	7223522	1136338	1171802	478700	0	364139
lb_f_232	410349	1232683	3.004	3.084	264600	1169963	0.487	6619983	5311053	0.802	2643807	396559	531769	167757	0	212845
lb_f_237	386719	1300288	3.362	3.458	238947	282208	0.178	4621969	3583336	0.775	1761893	316183	398284	120449	0	203717
lb_f_239	481663	2886319	5.992	6.292	566911	2039442	0.414	13427231	10818032	0.806	5325360	841820	1020333	364407	0	382639
lb_f_251	482677	4349492	9.011	9.442	483967	1062224	0.196	14052232	11723452	0.834	5827769	835527	797549	316208	0	379496
lb_f_253	468885	3250818	6.933	7.245	484517	837116	0.205	11125172	9024079	0.811	4451628	658305	828024	294526	0	320238
lb_f_255	459059	2087710	4.548	4.738	508786	2369278	0.532	12369696	9869943	0.798	4904169	770907	1007322	300496	0	421028
lb_f_256	461383	2236373	4.847	5.019	229265	446295	0.166	6945745	5793931	0.834	2881998	433846	380763	165860	0	171345
lb_f_275	449469	1881736	4.187	4.348	609004	3414833	0.645	15121338	11797057	0.78	5891484	1016141	1323800	352522	0	631818
lb_f_284	484779	5833203	12.033	12.643	651104	1607310	0.216	19397025	16097540	0.83	8005923	1288499	1076948	443701	0	490337
lb_f_305	485676	4045853	8.33	8.763	544276	1221703	0.232	14014108	11454062	0.817	5642230	865570	952511	422599	0	319366
lb_f_49	483351	3982183	8.239	8.64	432161	949325	0.193	12965236	10674528	0.823	5310859	908180	718359	337513	0	326656
lb_f_57	494615	6687504	13.521	14.317	760582	1902544	0.221	22315285	18593016	0.833	9242386	1375977	1244942	543249	0	558101
lb_f_81	428515	1285477	3	3.126	367651	2100583	0.62	9488027	7498477	0.79	3744766	610489	796827	235933	0	346301
lb_f_91	456666	1936004	4.239	4.402	612508	3490092	0.643	15292384	12051652	0.788	6013048	991538	1293921	366305	0	588968
lb_f_96	460693	2952960	6.41	6.68	454453	743174	0.201	10229429	8190292	0.801	4039705	645433	790209	279718	0	323777
lb_s_110	425220	6304989	14.828	15.486	1170486	1340129	0.175	20716794	16846348	0.813	8030744	1295514	1437209	786421	0	351302
lb_s_125	468624	2184293	4.661	4.853	669263	3688319	0.628	16747128	13050864	0.779	6508989	1155084	1467258	403520	0	670402
lb_s_129	457286	2379421	5.203	5.408	723868	4050432	0.63	18094260	14262375	0.788	7108654	1164455	1531436	438092	0	697902
lb_s_13	480626	3821096	7.95	8.329	512988	1138496	0.23	13206974	10778634	0.816	5306054	851160	898209	388141	0	290830
lb_s_135	472737	4218835	8.924	9.359	609019	1152242	0.215	14641364	11816715	0.807	5836619	934018	1084770	412897	0	392964
lb_s_138	487913	2942814	6.031	6.361	593734	2035705	0.409	13667983	10971698	0.803	5399445	844751	1048034	382827	0	420673
lb_s_148	454694	2022293	4.448	4.629	667388	3764563	0.651	16450333	12882747	0.783	6428503	1041680	1453013	392294	0	680599
lb_s_151	471229	2594142	5.505	5.761	643971	3009285	0.537	15739318	12420920	0.789	6173522	1077211	1313622	398901	0	528664
lb_s_159	499334	4559109	9.13	9.737	595513	1390042	0.234	15766488	12905423	0.819	6360759	1004616	1077757	423710	0	354982
lb_s_170	488685	3213617	6.576	6.928	606669	2239564	0.411	14838497	11951345	0.805	5891495	958404	1107650	423487	0	397611
lb_s_171	450703	1761386	3.908	4.06	543509	3109598	0.638	13763862	10828704	0.787	5414211	886729	1183428	311391	0	553610
lb_s_176	496323	5045366	10.165	10.769	543271	1008168	0.167	15786388	13103190	0.83	6506385	989652	897170	372406	0	423970
lb_s_184	449885	2277235	5.062	5.236	304271	535189	0.19	7571579	6161618	0.814	3044923	464782	542389	220947	0	181843
lb_s_19	493274	6670082	13.522	14.27	667227	1455661	0.179	20885118	17475768	0.837	8682798	1327940	1079457	541359	0	460594
lb_s_204	433916	7927938	18.271	19.091	1522466	1940245	0.197	26505834	21757116	0.821	10366467	1478553	1820418	976801	0	472946
lb_s_207	470188	4645901	9.881	10.361	696120	1310251	0.22	16171076	13125839	0.812	6473567	970849	1189154	438904	0	446330
lb_s_21	488949	5644159	11.543	12.159	617857	1543381	0.215	18728943	15533866	0.829	7728469	1222283	1024293	486414	0	462087
lb_s_211	494819	4219519	8.527	9.005	863968	3075131	0.422	19827496	16044178	0.809	7885560	1163235	1496491	551510	0	572082
lb_s_226	489923	3624545	7.398	7.815	756300	2631411	0.421	17299736	13803852	0.798	6791596	1134197	1347880	468711	0	545096
lb_s_231	409164	6907798	16.883	17.582	652423	1743788	0.202	21767223	18508233	0.85	9204224	1198449	1094526	564856	0	401159
lb_s_239	28956	30246	1.045	1.045	7795	5717	0.159	119669	83832	0.701	40074	7604	14971	10107	0	3155
lb_s_242	469654	2535843	5.399	5.599	835263	4786922	0.654	20690263	16277532	0.787	8119504	1390901	1724917	499954	0	796959
lb_s_245	443521	1719910	3.878	4.002	377242	1715855	0.499	9484251	7593673	0.801	3780666	600558	761408	237745	0	290867
lb_s_248	489325	4549560	9.298	9.715	519288	1333005	0.227	15145962	12634736	0.834	6232883	887276	957064	411638	0	255248
lb_s_257	493430	6140504	12.445	13.141	658607	1229815	0.167	19228527	15946268	0.829	7917342	1256139	1073890	442743	0	509487
lb_s_269	473053	3251125	6.873	7.171	344247	714445	0.18	10281775	8574210	0.834	4264393	632593	573254	241549	0	260169
lb_s_280	489826	5071129	10.353	10.905	651234	1570465	0.236	17536469	14375072	0.82	7082244	1156896	1173083	474723	0	356695
lb_s_292	453615	1895414	4.178	4.338	251126	552059	0.226	6575577	5326786	0.81	2628187	437494	464052	184068	0	163177
lb_s_295	492345	5128594	10.417	10.995	734083	1853892	0.266	18741977	15208917	0.811	7492348	1247076	1315965	513106	0	456913
lb_s_309	397630	1182522	2.974	3.054	330480	1721552	0.593	8265638	6462045	0.782	3227491	552458	718813	198870	0	333452
lb_s_313	448133	1722154	3.843	3.988	413342	1917811	0.527	10103211	8063014	0.798	4009707	621166	834366	247256	0	337409
lb_s_38	440087	1758046	3.995	4.134	520447	2912292	0.624	13270433	10358894	0.781	5168109	928905	1135114	326577	0	520943
lb_s_39	425727	6038818	14.185	14.783	567282	1396290	0.188	18918541	15920797	0.842	7918407	1167317	951359	514389	0	364679
lb_s_4	469026	3497364	7.457	7.785	479635	1174784	0.251	12401577	10156224	0.819	5004441	736569	855404	368619	0	284761
lb_s_41	503868	7611482	15.106	16.087	819540	1737277	0.186	24387367	20196141	0.828	10027842	1658370	1334010	598379	0	600467
lb_s_50	487018	5694194	11.692	12.298	581605	1154731	0.169	17636624	14758301	0.837	7327771	1108151	936033	419633	0	414506
lb_s_62	487005	4414471	9.065	9.524	510814	1098961	0.199	14601407	11977062	0.82	5952816	1001820	834879	376887	0	410759
lb_s_63	451497	1956145	4.333	4.499	647662	3583424	0.647	15830979	12354473	0.78	6167242	1051998	1391375	382586	0	650547
lb_s_72	507958	7034656	13.849	14.81	723031	1480766	0.174	21913870	18350051	0.837	9111598	1384393	1161469	506981	0	510976
lb_s_77	418131	7166034	17.138	17.863	722602	1897390	0.209	23253345	19455745	0.837	9669719	1409358	1259624	653001	0	475617
lb_s_80	441056	1676832	3.802	3.937	535540	2966297	0.639	13241654	10342821	0.781	5164152	883353	1154501	309343	0	551636
lb_s_82	422084	6686146	15.841	16.534	1249828	1485485	0.182	22126775	18007329	0.814	8585870	1384810	1512254	847839	0	374543
lb_s_90	387146	1622871	4.192	4.286	130845	238737	0.128	4720762	3970905	0.841	1978452	312014	231857	125810	0	80176
rs_f_10	481481	5200936	10.802	11.359	749258	1693040	0.246	18396916	15046220	0.818	7402986	1083028	1306295	535007	0	426366
rs_f_114	471423	2547952	5.405	5.648	768712	4508781	0.639	19725047	15613270	0.792	7787825	1301518	1632463	474333	0	703463
rs_f_115	445652	2005372	4.5	4.674	656685	3710190	0.649	16345569	12726473	0.779	6354226	1157173	1407893	383769	0	670261
rs_f_120	483826	16487150	34.077	36.946	2606009	8547653	0.341	67138549	54691696	0.815	27050884	4309162	4771598	1948484	0	1417609
rs_f_13	459659	2370121	5.156	5.39	798622	4497430	0.655	19706316	15316415	0.777	7650242	1361507	1734541	470541	0	823312
rs_f_130	497896	4879196	9.8	10.425	1413634	6062950	0.554	31412098	24514652	0.78	12158872	2137468	2735419	792161	0	1232398
rs_f_135	506211	12655432	25	26.86	1571863	4088093	0.244	43801128	36346430	0.83	18031042	2745591	2511262	1005465	0	1192380
rs_f_137	483696	3304529	6.832	7.199	972502	3931970	0.543	21071157	16284429	0.773	8075428	1468876	1912201	527030	0	878621
rs_f_138	482847	3599286	7.454	7.816	1320171	6936767	0.658	30689323	23642968	0.77	11786744	2179622	2760803	743185	0	1362745
rs_f_144	493562	4562702	9.244	9.797	1264984	5674606	0.554	28841784	22834859	0.792	11332567	1792933	2449023	715357	0	1049612
rs_f_152	470964	3765488	7.995	8.378	571276	1002702	0.21	13100595	10539922	0.805	5200456	826973	999048	361387	0	373265
rs_f_157	503060	6326028	12.575	13.419	1442980	5170523	0.45	32108453	25451253	0.793	12511722	2196948	2557623	884322	0	1018307
rs_f_158	490096	4903313	10.005	10.548	1308488	6285082	0.562	31147376	24826993	0.797	12330110	1932525	2564811	764345	0	1058702
rs_f_160	576776	9571189	16.594	19.25	1319572	3497073	0.268	34383975	28344431	0.824	13956597	2043466	2331685	948544	0	715849
rs_f_168	417554	6820060	16.333	17.272	702152	1768245	0.206	22188251	18486359	0.833	9195902	1366937	1231495	631867	0	471593
rs_f_178	490429	5466739	11.147	11.763	615525	1491512	0.214	18268913	15088185	0.826	7514409	1202973	1063703	445751	0	468301
rs_f_18	488146	5791299	11.864	12.519	793936	1907107	0.248	20501464	16734851	0.816	8242509	1328778	1407765	582884	0	447186
rs_f_183	463594	1997251	4.308	4.481	369115	1199311	0.375	8828890	7034462	0.797	3468785	612752	682665	243323	0	255688
rs_f_185	445758	1767653	3.965	4.119	548231	2939930	0.625	13521284	10487450	0.776	5231636	958453	1193686	321589	0	560106
rs_f_186	449806	6491902	14.433	15.109	1237188	1392607	0.177	21440800	17434384	0.813	8312687	1282712	1509809	812873	0	401022
rs_f_189	371378	2092082	5.633	5.772	183842	344185	0.141	6181159	5217280	0.844	2597171	350005	324448	176625	0	112801
rs_f_203	488285	5454551	11.171	11.757	633403	1427952	0.207	18020065	14941815	0.829	7425909	1133213	1038955	413381	0	492701
rs_f_204	447504	1842198	4.117	4.278	607050	3382590	0.647	15049571	11660856	0.775	5829018	1049324	1350500	358798	0	630093
rs_f_205	487874	4906481	10.057	10.601	538173	930443	0.159	15288838	12655299	0.828	6280202	947124	869155	412852	0	404408
rs_f_210	482832	4837818	10.02	10.554	731370	1760537	0.267	17991375	14448696	0.803	7118971	1192959	1348604	514909	0	486207
rs_f_214	482481	4424754	9.171	9.625	591688	1311787	0.229	15182897	12472215	0.821	6143986	916257	1038858	414538	0	341029
rs_f_215	28350	29697	1.048	1.048	7583	660	0.022	92326	69872	0.757	31932	5522	8013	7447	0	1472
rs_f_217	415458	1498667	3.607	3.721	261215	323636	0.178	5278650	4104823	0.778	2021305	364805	454596	141984	0	212442
rs_f_228	484398	3068908	6.336	6.664	749494	3492488	0.532	18206910	14538642	0.799	7227752	1136713	1492743	444360	0	594452
rs_f_233	415200	6182166	14.89	15.522	590234	1483098	0.193	19404620	16427039	0.847	8171541	1099216	1006489	494632	0	377244
rs_f_236	495374	5810288	11.729	12.448	642025	1221416	0.174	18331671	15236799	0.831	7563070	1100170	1068521	434724	0	491457
rs_f_240	12859	13154	1.023	1.024	1714	1755	0.118	101370	32824	0.324	16201	3042	3320	60944	0	1240
rs_f_241	416044	6132530	14.74	15.368	588587	1424957	0.189	19257239	16213092	0.842	8067018	1143679	1015109	509978	0	375381
rs_f_257	448876	4145151	9.235	9.644	579157	1143493	0.216	14241704	11598728	0.814	5730927	876504	1030832	392310	0	343330
rs_f_262	33836	35581	1.052	1.053	8652	3721	0.095	129936	90989	0.7	43035	8576	15595	11452	0	3324
rs_f_263	38917	41407	1.064	1.066	6948	7317	0.15	151919	110053	0.724	54381	10130	15094	10959	0	5683
rs_f_270	484674	3305725	6.821	7.124	1124874	6495466	0.663	28064754	21847244	0.778	10921179	1994254	2430216	679440	0	1113600
rs_f_272	370862	2523891	6.805	6.99	223637	432144	0.146	7521508	6332679	0.842	3153007	440875	396978	211688	0	139288
rs_f_290	430730	3427688	7.958	8.327	602297	546749	0.138	10689871	8753688	0.819	4176954	624451	733411	397476	0	180845
rs_f_31	472892	4090956	8.651	9.087	836589	3073230	0.429	19722991	15770221	0.8	7769446	1298685	1540856	548492	0	564737
rs_f_34	479934	4682305	9.756	10.232	535961	1200578	0.204	15551796	12778372	0.822	6359528	1066365	912365	371588	0	423106
rs_f_42	420453	7198070	17.12	17.916	700104	1801930	0.2	22889336	19306974	0.843	9606870	1318967	1213956	610291	0	439148
rs_f_45	484339	6920962	14.289	15.086	815007	2126353	0.235	23766502	19622980	0.826	9760658	1594199	1372886	561907	0	614530
rs_f_46	420553	7057906	16.782	17.54	682575	1761484	0.2	22406923	18906159	0.844	9404194	1325681	1162461	577299	0	435323
rs_f_5	459675	2512157	5.465	5.676	775223	4422918	0.638	19603343	15377756	0.784	7667458	1326531	1656314	523273	0	719469
rs_f_53	479029	2578922	5.384	5.645	651980	2887686	0.528	15346515	12168024	0.793	6049436	954468	1305976	375366	0	542681
rs_f_54	489533	5730810	11.707	12.368	615412	1169186	0.169	17933291	14922772	0.832	7407364	1132332	1007998	411358	0	458831
rs_f_66	476790	4677444	9.81	10.333	688770	1351225	0.224	16397227	13276422	0.81	6558983	1028900	1203114	448942	0	439849
rs_f_79	486522	2995093	6.156	6.482	764761	3404044	0.532	17975214	14238841	0.792	7074943	1150771	1513898	443076	0	628628
rs_f_85	456065	2175478	4.77	4.961	655662	3578011	0.622	16411180	12797875	0.78	6388724	1147930	1426924	401539	0	636912
rs_f_87	480530	2370076	4.932	5.193	722609	3911434	0.623	17773188	13972755	0.786	6968636	1134929	1547416	423792	0	694296
rs_s_10	467722	3541069	7.571	7.909	517063	1201605	0.253	12861174	10370829	0.806	5111092	820042	946668	394457	0	329178
rs_s_106	464881	2491359	5.359	5.586	614051	2816571	0.531	14838530	11774074	0.793	5852093	942632	1241133	375755	0	504936
rs_s_113	213394	297047	1.392	1.399	23942	31750	0.097	827395	703828	0.851	351089	51584	38694	20464	0	12825
rs_s_118	447550	5972122	13.344	13.98	1170972	1249669	0.173	19839722	16023339	0.808	7630576	1241751	1426113	749959	0	398560
rs_s_12	409038	6839362	16.721	17.407	661367	1715768	0.201	21750292	18340496	0.843	9123999	1236596	1137508	629468	0	406224
rs_s_120	435222	6991458	16.064	16.835	1353624	1581526	0.184	23247404	18946422	0.815	9019814	1349321	1652969	883162	0	415530
rs_s_125	419861	6079675	14.48	15.103	613803	1446215	0.192	19247832	16182742	0.841	8043049	1120617	1019543	532382	0	392548
rs_s_127	457227	2064425	4.515	4.701	676296	3824723	0.649	16910615	13132377	0.777	6566933	1200183	1481440	398156	0	698459
rs_s_136	487269	4182248	8.583	9.073	582790	1228490	0.227	14508545	11810631	0.814	5817103	887118	1041641	416942	0	352213
rs_s_140	434635	5752795	13.236	13.82	1080979	1163931	0.168	18796280	15285773	0.813	7288068	1114316	1342931	708344	0	344916
rs_s_15	473667	3554720	7.505	7.849	727440	2593747	0.422	16944116	13541392	0.799	6665485	1120654	1317377	485187	0	479506
rs_s_152	488811	3116147	6.375	6.718	633694	2186928	0.412	14598628	11693966	0.801	5757197	920154	1137733	407677	0	439098
rs_s_164	485221	3211269	6.618	6.967	635659	2262423	0.413	14958136	12034167	0.805	5924816	949679	1142149	408731	0	423410
rs_s_166	478024	4148747	8.679	9.109	589694	1432132	0.257	14954997	12165413	0.813	5994840	946422	1058698	416155	0	368309
rs_s_169	471500	2888961	6.127	6.403	718629	3327936	0.535	17413309	13792314	0.792	6856788	1165086	1438360	446562	0	570987
rs_s_170	481636	3730528	7.746	8.137	780808	2737492	0.423	17828323	14263542	0.8	7014714	1148705	1398526	496067	0	521483
rs_s_172	489026	4987684	10.199	10.758	573077	980178	0.164	15809408	12981650	0.821	6440711	1048010	932314	397204	0	450230
rs_s_175	475406	2405984	5.061	5.301	602935	2699410	0.529	14483904	11356844	0.784	5648515	987517	1252705	369346	0	517492
rs_s_178	474437	2980865	6.283	6.566	709241	3526570	0.542	17842257	14359743	0.805	7143067	1091719	1414673	447009	0	529113
rs_s_182	482383	3945742	8.18	8.596	462078	959900	0.196	13108753	10678725	0.815	5311005	906624	778406	374077	0	370921
rs_s_188	481834	4186154	8.688	9.134	604304	1452108	0.258	15147290	12308879	0.813	6066313	940376	1078809	437570	0	381656
rs_s_196	461608	2226259	4.823	5.017	732154	4116096	0.649	18166629	14141163	0.778	7066654	1275582	1583268	435671	0	730945
rs_s_212	451907	5913301	13.085	13.707	1130172	1179859	0.166	19446329	15704580	0.808	7481248	1251910	1387788	728736	0	373315
rs_s_219	485562	3181816	6.553	6.912	617663	2264627	0.416	14884275	11955024	0.803	5890918	980615	1127337	413918	0	407381
rs_s_223	480870	3054551	6.352	6.682	783702	3626843	0.543	18701756	14837448	0.793	7372352	1196565	1542101	497066	0	628576
rs_s_226	498914	4141997	8.302	8.822	844511	3118389	0.43	20081199	15980853	0.796	7875956	1372786	1581286	556749	0	589525
rs_s_240	479958	3474904	7.24	7.621	513109	1164938	0.251	12695008	10164614	0.801	5011663	859995	928509	399118	0	342772
rs_s_242	405921	5649631	13.918	14.491	547162	1319398	0.189	17886221	14963132	0.837	7446941	1097067	946785	525512	0	353725
rs_s_244	425595	2832872	6.656	6.868	521176	467702	0.142	9010857	7297269	0.81	3475519	567254	644801	345182	0	156351
rs_s_247	406087	5537734	13.637	14.172	520442	1258900	0.185	17284160	14566934	0.843	7249858	1007058	902862	481140	0	326166
rs_s_250	489492	5937708	12.13	12.817	654193	1657981	0.218	19632648	16419993	0.836	8170111	1199340	1091363	439864	0	482088
rs_s_253	478393	2489225	5.203	5.446	454298	1549791	0.384	10996855	8865379	0.806	4372065	684655	846828	309260	0	290733
rs_s_258	396715	2627289	6.623	6.813	237606	466380	0.151	7895193	6632581	0.84	3301306	478975	414274	221654	0	147709
rs_s_267	483291	4574428	9.465	9.944	473738	849103	0.157	14096434	11715229	0.831	5817960	909261	774444	354802	0	342698
rs_s_27	475714	4479672	9.417	9.872	606056	1405252	0.239	15709590	12794632	0.814	6303652	1031990	1079404	457476	0	346088
rs_s_278	481458	4164510	8.65	9.092	561843	1273697	0.234	14510835	11828435	0.815	5828385	927335	1020992	405132	0	328941
rs_s_283	489247	7648955	15.634	16.5	826068	1766055	0.188	24425218	20346151	0.833	10105073	1516572	1378412	587383	0	596700
rs_s_285	484059	3280915	6.778	7.122	649450	2318928	0.414	15411210	12315022	0.799	6065729	1029994	1201137	431925	0	433132
rs_s_287	483094	4127452	8.544	9.008	623979	1449726	0.26	15036578	12217146	0.812	6015989	906656	1083920	428658	0	400198
rs_s_290	425852	6037694	14.178	14.807	1139003	1312156	0.179	20035242	16233613	0.81	7744760	1236415	1429193	774329	0	361692
rs_s_291	477107	3134202	6.569	6.886	793587	3697041	0.541	19040578	15155030	0.796	7530200	1210875	1565811	478396	0	630466
rs_s_30	416754	5861247	14.064	14.63	547483	1383254	0.191	18317633	15511994	0.847	7720010	1045917	939340	480687	0	339695
rs_s_302	451057	1881342	4.171	4.334	363260	1126611	0.375	8280045	6640010	0.802	3268797	501592	655302	230604	0	252537
rs_s_306	433800	1649787	3.803	3.933	513431	2818818	0.631	12759898	9940323	0.779	4958287	877429	1121771	306999	0	513376
rs_s_31	485865	5999174	12.347	12.99	672314	1674445	0.218	19864153	16606902	0.836	8260969	1174443	1117429	488662	0	476717
rs_s_316	477824	2924275	6.12	6.411	594967	2056858	0.413	13669574	10975729	0.803	5399629	861143	1048107	388055	0	396540
rs_s_321	2449	2462	1.005	1.005	334	405	0.141	16933	6325	0.374	3124	548	612	9221	0	227
rs_s_33	516626	15093088	29.215	31.513	2202694	6833026	0.312	58179352	47769079	0.821	23640271	3575826	4037619	1641244	0	1155584
rs_s_331	441682	1799244	4.074	4.219	603488	3296220	0.647	14618672	11378905	0.778	5679953	977946	1276758	382673	0	602390
rs_s_344	45562	48875	1.073	1.074	5012	11545	0.191	161931	129580	0.8	64148	10067	9993	9726	0	2565
rs_s_35	476318	2964013	6.223	6.528	618441	2086785	0.413	13995991	11155798	0.797	5486559	905665	1106119	411800	0	416609
rs_s_353	460733	2653938	5.76	5.989	348559	631452	0.192	8791806	7189277	0.818	3555328	530188	626507	243392	0	202442
rs_s_356	473744	3628520	7.659	8.022	473831	1054392	0.225	12422855	10165324	0.818	5008581	751106	871762	365358	0	269305
rs_s_36	437715	1771395	4.047	4.193	577088	3215519	0.645	14347630	11125215	0.775	5561213	1016399	1256692	369760	0	579564
rs_s_360	440463	2078103	4.718	4.871	660438	3827182	0.648	16771902	13123954	0.782	6558231	1121232	1468879	420445	0	637392
rs_s_363	475728	3770049	7.925	8.284	434678	902780	0.193	12404874	10159223	0.819	5051716	852647	746057	292057	0	354890
rs_s_369	452489	2042741	4.514	4.682	666465	3749236	0.647	16549845	12907105	0.78	6448663	1134405	1451386	401066	0	655883
rs_s_371	440782	1651484	3.747	3.872	514509	2777612	0.627	12687954	9857304	0.777	4913699	882850	1127043	304959	0	515798
rs_s_379	439459	1910543	4.347	4.496	251717	482740	0.202	6407608	5213927	0.814	2568927	410075	452849	181579	0	149178
rs_s_381	417359	5708001	13.676	14.278	1089278	1180846	0.171	18790090	15233060	0.811	7254935	1141179	1351422	722047	0	342382
rs_s_383	375479	981310	2.613	2.678	294060	1502399	0.605	7176563	5564189	0.775	2786420	479316	650552	170169	0	312337
rs_s_4	479287	4078039	8.509	8.957	676389	1160237	0.221	14820235	11676013	0.788	5761348	1003582	1201035	434474	0	505131
rs_s_44	435357	1720159	3.951	4.087	562089	3128582	0.645	13855068	10808368	0.78	5397538	933471	1210284	343199	0	559746
rs_s_64	480605	3132870	6.519	6.839	771795	3669281	0.539	18935450	15072035	0.796	7498089	1200753	1562939	493497	0	606226
rs_s_65	399717	6340317	15.862	16.575	606398	1583027	0.2	20067550	16977581	0.846	8447839	1120955	1043594	548146	0	377274
rs_s_69	426314	1635135	3.836	3.957	374915	1812649	0.526	9518379	7611055	0.8	3788356	612413	765440	236538	0	292933
rs_s_73	459576	2053587	4.468	4.637	698533	3702615	0.643	16636955	12892134	0.775	6437399	1125599	1502502	412537	0	704183
rs_s_76	512006	13975294	27.295	29.389	2005787	6051571	0.302	53055495	43619422	0.822	21586770	3208602	3681097	1501343	0	1045031
rs_s_8	471482	4896073	10.384	10.891	755441	1823452	0.271	18360776	14725298	0.802	7250332	1206298	1378486	565236	0	485458
rs_s_83	493604	5176400	10.487	11.089	558026	963345	0.157	15957443	13302725	0.834	6604954	954511	903627	385923	0	410657
rs_s_84	478141	2884747	6.033	6.326	711099	3317958	0.535	17351056	13756857	0.793	6843053	1145612	1433627	451246	0	563714
rs_s_85	441492	1833422	4.153	4.298	570277	3052314	0.625	13939180	10884797	0.781	5428784	925303	1231971	342833	0	554276
rs_s_87	427769	6737638	15.751	16.457	1318486	1499269	0.182	22474556	18226978	0.811	8671585	1374339	1600807	878982	0	393450